8.319814814814816
8.885925925925926
9.737777777777778
6.945
6.2212962962962965
7.994074074074074
5.747962962962963
5.8842592592592595
7.634074074074074
6.129814814814814
5.471666666666667
5.060925925925926
6.482777777777778
5.325555555555556
5.4292592592592595
6.604629629629629
5.652037037037037
5.907962962962963
5.0018518518518515
4.346666666666667
5.020555555555555
4.940740740740741
4.680740740740741
4.4440740740740745
4.7716666666666665
4.717592592592593
4.831296296296296
4.8731481481481485
4.565740740740741
4.4618518518518515
4.172962962962963
4.791111111111111
3.875
4.1412962962962965
4.167407407407407
5.180740740740741
3.856851851851852
4.732407407407408
3.667777777777778
4.164444444444444
3.923703703703704
3.9675925925925926
3.493888888888889
3.7794444444444446
3.6546296296296297
3.7925925925925927
3.992962962962963
3.316851851851852
3.7605555555555554
3.8492592592592594
3.9746296296296295
3.02037037037037
2.892777777777778
4.018148148148148
3.3805555555555555
3.3962962962962964
3.627037037037037
3.243888888888889
3.2444444444444445
3.308333333333333
4.055740740740741
3.542962962962963
3.1972222222222224
3.3094444444444444
3.235925925925926
3.1074074074074076
3.2733333333333334
2.798703703703704
3.007037037037037
2.9103703703703703
3.171851851851852
2.7133333333333334
2.7944444444444443
2.8835185185185184
2.7044444444444444
2.9492592592592595
2.7416666666666667
2.7305555555555556
2.6174074074074074
2.7224074074074074
3.151666666666667
2.348888888888889
2.6731481481481483
2.8003703703703704
2.622592592592593
2.7474074074074073
2.687962962962963
2.5009259259259258
2.8044444444444445
2.6933333333333334
2.4344444444444444
2.475185185185185
2.567222222222222
2.5264814814814813
2.3894444444444445
2.2374074074074075
2.337962962962963
2.663148148148148
3.1422222222222222
2.232962962962963
