-30478.0
-33820.0
-36693.0
-24880.0
-21146.0
-29455.0
-19388.0
-19766.0
-28393.0
-20643.0
-18088.0
-16754.0
-24331.0
-17489.0
-17081.0
-22896.0
-19256.0
-20355.0
-17083.0
-13858.0
-16065.0
-15438.0
-12794.0
-13711.0
-15352.0
-15139.0
-15481.0
-15639.0
-13836.0
-13276.0
-12677.0
-15710.0
-11109.0
-12227.0
-12413.0
-15396.0
-10052.0
-14814.0
-10597.0
-11605.0
-11047.0
-11754.0
-9093.0
-10439.0
-10537.0
-10512.0
-11276.0
-8749.0
-10040.0
-11359.0
-11305.0
-7656.0
-7397.0
-11276.0
-8105.0
-8827.0
-8962.0
-8644.0
-8074.0
-8674.0
-10297.0
-9595.0
-8172.0
-8680.0
-8352.0
-6993.0
-8847.0
-7172.0
-6645.0
-7025.0
-7328.0
-6443.0
-6625.0
-6812.0
-6799.0
-7411.0
-6144.0
-6576.0
-5994.0
-5486.0
-6375.0
-5384.0
-6196.0
-6205.0
-5898.0
-5489.0
-4767.0
-5220.0
-5967.0
-5937.0
-4875.0
-5050.0
-6188.0
-4942.0
-4494.0
-4756.0
-4623.0
-5753.0
-6401.0
-4258.0
