44927
47984
52584
37503
33595
43168
31039
31775
41224
33101
29547
27329
35007
28758
29318
35665
30521
31903
27010
23472
27111
26680
25276
23998
25767
25475
26089
26315
24655
24094
22534
25872
20925
22363
22504
27976
20827
25555
19806
22488
21188
21425
18867
20409
19735
20480
21562
17911
20307
20786
21463
16310
15621
21698
18255
18340
19586
17517
17520
17865
21901
19132
17265
17871
17474
16780
17676
15113
16238
15716
17128
14652
15090
15571
14604
15926
14805
14745
14134
14701
17019
12684
14435
15122
14162
14836
14515
13505
15144
14544
13146
13366
13863
13643
12903
12082
12625
14381
16968
12058
